#AmountOfElements,N		#TimeOfSorting,ms
27					0.563979
54					1.40774
243					4.70513
756					7.9316
1755					14.4575
3402					29.4412
5859					55.5889
9288					92.2157
13851					136.483
19710					233.411
27027					325.495
35964					421.804
46683					521.821
59346					763.52
74115					830.158
91152					1119.34
110619					1251.46
132678					1609.52
157491					1881.25
185220					1968.34
216027					2669.45
250074					3030.98
287523					3612.72
328536					3955.38
373275					4576.75
421902					5061.01
474579					5569.14