#AmountOfElements,N		#TimeOfSorting,ms
27					0.598223
54					1.17342
243					4.55118
756					9.5728
1755					21.0912
3402					41.0628
5859					60.3208
9288					84.7115
13851					150.744
19710					229.999
27027					297.77
35964					387.913
46683					486.788
59346					637.879
74115					802.143
91152					1041.17
110619					1224.96
132678					1462.7
157491					1829.74
185220					1998
216027					2466.45
250074					3070.92
287523					3394.83
328536					3868.47
373275					4265.7
421902					5228.3
474579					5558.79