#AmountOfElements,N		#TimeOfSorting,ms
27					0.64693
54					1.28823
243					6.27112
756					6.01847
1755					16.0184
3402					39.5819
5859					67.0331
9288					108.473
13851					142.338
19710					211.042
27027					309.492
35964					436.624
46683					519.025
59346					675.369
74115					840.912
91152					1024.55
110619					1213.89
132678					1663.71
157491					1705.02
185220					2228.84
216027					2325.46
250074					3016.2
287523					3391.56
328536					4007.98
373275					4329.02
421902					5278.85
474579					5811.74