#AmountOfElements,N		#TimeOfSorting,ms
27					0.424005
54					1.26465
243					5.87284
756					8.88335
1755					19.5642
3402					38.0819
5859					56.6295
9288					96.6214
13851					159.294
19710					213.485
27027					297.334
35964					362.773
46683					536.047
59346					631.449
74115					861.464
91152					1188.1
110619					1339.11
132678					1489.56
157491					1660.57
185220					2298.15
216027					2709.73
250074					3528.87
287523					3704.9
328536					4157
373275					4472.7
421902					4988.82
474579					5670.77