#AmountOfElements,N		#TimeOfSorting,ms
50					0.8512
100					2.00674
450					8.11497
1400					12.5994
3250					29.7869
6300					61.395
10850					103.253
17200					171.212
25650					252.021
36500					411.731
50050					550.974
66600					820.74
86450					1122.7
109900					1295.28
137250					1453.8
168800					2036.39
204850					2593.38
245700					3122.34
291650					3776.96
343000					3952.02
400050					5000.18
463100					5635.68
532450					6458.55
608400					7365.58
691250					8638.91
781300					9743.01
878850					10942.1
984200					12768.6
1097650					14274.2
1219500					16215.9
1350050					18028.6
1489600					19987.8
1638450					21190.4
1796900					23819
1965250					26640.7
2143800					29268.8
2332850					31498.9
2532700					34297.7
2743650					38171.9
2966000					41296.7
3200050					44896.3
3446100					49649.1
3704450					53514.3
3975400					57041.7
4259250					62629.8
4556300					67744.2
4866850					71911
5191200					77878.5
5529650					83549.5
5882500					88212.2